&ACTUATOR_DISK
xLoc         =   5.0d0 
yLoc         =   5.0d0
zLoc         =   2.50d0
diam         =   1.0d0 
cT           =   1.33000000d0
yaw          =   0.00000000d0
tilt         =   0.00000000d0
/
